B=[1 0 0 0; 0 0 1 0; -3 3 -2 -1; 2 -2 1 1]
  C=zeros(4)
##  C[1][1]=f(y1,x1);
##  C[1][2]=f(y1,x2);
##  C[2][1]=f(y2,x1);
##  C[2][2]=f(y2,x2);
##  
##  C[1][3]=Ix(y1,x1);
##  C[1][4]=Ix(y1,x2);
##  C[2][3]=Ix(y2,x1);
##  C[2][4]=Ix(y2,x2);
##  
##  C[3][1]=Iy(y1,x1);
##  C[3][2]=Iy(y1,x2);
##  C[4][1]=Iy(y2,x1);
##  C[4][2]=Iy(y2,x2);
##  
##  C[3][3]=Ixy(y1,x1);
##  C[3][4]=Ixy(y1,x2);
##  C[4][3]=Ixy(y2,x1);
##  C[4][4]=Ixy(y2,x2);
C(:, 1) = [1 2 3 4];
C(1,1)=2;
C
  D=[1 0 -3 2; 0 0 3 -2; 0 1 -2 1; 0 0 -1 1]